1 0.352118266675 0.287538096169 0.359077705299 0.946393473864 0.633597787746 0.620895120774 0.715457400946 0.387977892952 0.41439011816 0.650815873509 0.00165231969305 0.192488257706 0.334497472476 0.239039213564 0.637220443298 0.378937013272
2 0.844778169022 0.758547175696 0.420511431962 0.259153914789 0.51108061661 0.404873106451 0.783619556409 0.30333755846 0.476743560674 0.5834279053 0.90802026091 0.50467334656 0.28165904941 0.755928743654 0.618272937308 0.250563377742
3 0.716862297781 0.00243367765997 0.822952958043 0.528312639439 0.0974089715728 0.118953505531 0.649080100461 0.873746010454 0.279933218933 0.977999879953 0.100480721659 0.853772400599 0.396226702277 0.0818115331512 0.274655922462 0.452909166443
4 0.909746184889 0.982698741788 0.81046121577 0.902177995568 0.309883096582 0.729800018233 0.898515371911 0.684007063137 0.472032679624 0.100470005295 0.433678188714 0.611423822947 0.912982061501 0.96702838261 0.476800869273 0.865406281467
5 0.909994933775 0.982498277255 0.810436677473 0.902012773998 0.310093123084 0.729721625574 0.898704949783 0.684083452071 0.472715662416 0.100856407458 0.434201042603 0.61102117677 0.913087456295 0.96683169216 0.476875815298 0.865269735292
6 0.79247912455 0.861345141134 0.133114585494 0.521070925674 0.650988495111 0.346854497973 0.872050653293 0.278302549957 0.0182874487509 0.0406660840779 0.680917821293 0.558211982953 0.946370210351 0.938329636314 0.909515126183 0.0425324472412
7 0.71735137578 0.00229787097608 0.822843547077 0.52849703536 0.0978843097567 0.118445398975 0.64892847783 0.873460373117 0.280014486611 0.978430465573 0.100604857742 0.854187680221 0.396865212114 0.0813881568082 0.274755305438 0.452989006141
8 0.494512580768 0.312184618728 0.467104036338 0.809332875121 0.875300244233 0.812358177179 0.188235820515 0.999252409003 0.632759844706 0.0833023841259 0.725693901576 0.986434714816 0.402220854214 0.678490942742 0.316314783539 0.213432101517
9 0.123523649582 0.210311499822 0.800317271815 0.937017338086 0.0225344836005 0.425827857395 0.101759820383 0.259568725734 0.220826315753 0.646921252021 0.350414313525 0.180582084672 0.503633985197 0.0394686222587 0.101293348396 0.98778467696
10 0.587244277743 0.445231983915 0.596609915716 0.385034386048 0.575790949571 0.290473579602 0.189431057855 0.186657197086 0.61302070025 0.656716243247 0.476044556009 0.089849350736 0.7575291427 0.876412798404 0.923797818851 0.843044441881
11 0.793140799043 0.082217048298 0.613046633643 0.48652442812 0.630183771676 0.845128636077 0.24278085358 0.731257690517 0.117377439898 0.220649858323 0.794445945865 0.332733300111 0.81595993368 0.100327967084 0.14660459084 0.697443222221
12 0.0450846718927 0.573702240541 0.910278635623 0.534458366998 0.68027919137 0.02639818257 0.635375253076 0.606723843233 0.576119079596 0.390690814634 0.370396833036 0.980251673643 0.0365012071699 0.021362043703 0.961066239896 0.184817768171
13 0.875037590317 0.568291470211 0.413992120426 0.402386107304 0.701895294159 0.418260190632 0.662453952645 0.0466666415524 0.445829892485 0.258884741538 0.157527315504 0.527297911016 0.48728854582 0.561510625669 0.755700861205 0.883411357184
14 0.875342354837 0.567909775706 0.414365592172 0.402379721559 0.701547687909 0.418368048581 0.662702081106 0.0465132188442 0.445255899226 0.259283347117 0.157745835972 0.527180094519 0.487526303056 0.561455847975 0.755461276452 0.883819515229
15 0.717704136895 0.0022656858089 0.822813524698 0.528390142497 0.0977465545277 0.118950010564 0.649245490723 0.87368204475 0.280428283763 0.978442677508 0.10064743476 0.854159600398 0.396739310706 0.0815049671578 0.27444826947 0.452466861379
16 0.90998035554 0.982796050937 0.81054594583 0.902217272246 0.310247075401 0.72971018952 0.899008996272 0.68412952857 0.47226742627 0.100668494863 0.434398289516 0.61083861989 0.912810738227 0.96664020053 0.477577483514 0.865073214908
17 0.471934870314 0.410608899233 0.569370104798 0.508793568858 0.311735200826 0.357585403092 0.838076762382 0.250785041909 0.560526962092 0.0126030370431 0.741580558014 0.335714149303 0.0456306985627 0.280919450955 0.240163952804 0.953166081638
18 0.909974677698 0.98289864708 0.809836251456 0.90204010096 0.31030772104 0.730031093883 0.89877137774 0.683906120247 0.471922277662 0.100780866145 0.434251822677 0.610860389258 0.912798022055 0.966744155136 0.4769804354 0.865097251169
19 0.238541885674 0.967805581832 0.803594035316 0.447835643076 0.0803931911296 0.320362187532 0.507775912942 0.932431129202 0.108825524441 0.551348972005 0.706590120199 0.547182948072 0.814470306887 0.540551945079 0.963963519554 0.603133498126
20 0.0450515997178 0.573652927323 0.910020273644 0.5342121734 0.680482322375 0.02637501746 0.635205270958 0.606348460126 0.575993105412 0.390867994387 0.370003341995 0.98047677139 0.036317276839 0.0213711470853 0.960851379422 0.18460071929
21 0.238630831692 0.967342884464 0.803302746591 0.447957148173 0.0804981340065 0.320007728094 0.507928318496 0.933131933607 0.108844139203 0.551146917831 0.706710723786 0.547552333928 0.814381542671 0.540684226979 0.964114490165 0.603007512807
22 0.844476539066 0.757753190554 0.420410960202 0.259170233552 0.511278006656 0.405482814839 0.783929215528 0.303529094841 0.476523964262 0.583668617936 0.907806335917 0.504533123468 0.281591588148 0.755755018357 0.618204422189 0.250320625419
23 0.875471619754 0.567954237847 0.41416828059 0.402514950766 0.702037618518 0.41854133796 0.661955892222 0.0470010401021 0.445584188234 0.259505692323 0.157518584249 0.527792366399 0.487026344121 0.561546203942 0.755411995577 0.883674229585
24 0.471817101121 0.409981599135 0.569110328836 0.508520060676 0.311405786021 0.357113371403 0.837157905234 0.251023667146 0.560898286635 0.0124552786755 0.742022735723 0.336115468555 0.0455399095467 0.280513077259 0.240116904103 0.953105135392
25 0.843710863878 0.757279331685 0.420836214118 0.258645882831 0.51124961993 0.404760888439 0.783800629262 0.303111540024 0.476810912823 0.583548996091 0.908041331773 0.504816632618 0.281378823475 0.75605016853 0.618124822341 0.250611513093
26 0.352098606146 0.287858491871 0.359424935811 0.946764619438 0.633807130608 0.620841917621 0.715704155215 0.387789985938 0.414448064112 0.650991388393 0.00182593443229 0.19219016075 0.334632018422 0.23949046758 0.637409688294 0.378750241795
27 0.260818304495 0.805149818701 0.548854613445 0.0143389644062 0.71941464665 0.398575803604 0.824645817395 0.66813800709 0.00130640557484 0.493419255531 0.867269404381 0.244000290988 0.324596241193 0.870409410466 0.191607142938 0.567352801789
28 0.717076625218 0.00221953950543 0.822683059386 0.528182933671 0.0977770662474 0.118976607494 0.649276623813 0.873672191364 0.279906997017 0.978404288557 0.100264935206 0.853579053 0.396937390637 0.0813004635117 0.274950222931 0.452850913359
29 0.898577726107 0.9233855856 0.54065980612 0.391088918931 0.70507519957 0.275693554544 0.811701044927 0.849499213324 0.894925339436 0.589924176701 0.949609275175 0.579670852654 0.450672316436 0.660593521934 0.99623875678 0.916730846012
30 0.494576137343 0.312282309945 0.466875029302 0.808974227883 0.875102966723 0.812376913054 0.187620968795 0.99951564233 0.633513388637 0.0835975911379 0.725823208257 0.986785615242 0.401891003655 0.67858303841 0.316515435736 0.213766350938
31 0.793555084988 0.0822450990817 0.613011054734 0.486564241806 0.630161264798 0.84461868918 0.243184931767 0.731526909376 0.117006719539 0.220468552297 0.79497598167 0.332123352195 0.815802642664 0.100843797747 0.146171025333 0.697600403226
32 0.123957002995 0.210771764424 0.800435983413 0.937088127644 0.0225975783699 0.42557605596 0.101514234799 0.260041834898 0.220852546621 0.646816757904 0.350274147836 0.180134307402 0.503550658238 0.0397678492768 0.100705121717 0.987896385728
